dropout: 0.27448705260765366
lr: 0.08067148938725333
n_layers: 1
output_dims:
- 47
